8
Alejandro
1
(0 
   (
      (char/instrument/guitar/jaguar_01/jaguar_01_wood.char 0 
         (
            (base 0) 
            (detail 0) 
            ( 0) 
            ( 0)) 
         (
            (0 
               (0.0 0.0 0.0 1.0) 7) 
            (0 
               (1.0 1.0 1.0 1.0) 1) 
            (0 
               (0.0 0.0 0.0 1.0) 34))) 
      (char/instrument/bass/wildwood_01/wildwood_01_paint_worn.char 0 
         (
            ( 0) 
            ( 0) 
            ( 0) 
            ( 0)) 
         (
            (0 
               (0.0 0.0 0.0 1.0) 9) 
            (0 
               (0.0 0.0 0.0 1.0) 0) 
            (0 
               (0.0 0.0 0.0 1.0) 0))) 
      (char/instrument/drum/generic_01/generic_01_paint.char 0 
         (
            (primary 0) 
            ( 0) 
            ( 0) 
            ( 0)) 
         (
            (0 
               (0.0 0.09 0.21 1.0) 44) 
            (0 
               (1.0 1.0 1.0 1.0) 24) 
            (0 
               (0.0 0.0 0.0 1.0) 42))) 
      ( 0 
         (
            ( 0) 
            ( 0) 
            ( 0) 
            ( 0)) 
         (
            (0 
               (0.0 0.0 0.0 1.0) 0) 
            (0 
               (0.0 0.0 0.0 1.0) 0) 
            (0 
               (0.0 0.0 0.0 1.0) 0))) 
      (char/musician/outfit/skin/skin_01/skin_01.char 0 
         (
            ( 0) 
            ( 0) 
            ( 0) 
            ( 0)) 
         (
            (0 
               (1.0 1.0 1.0 1.0) 7) 
            (0 
               (0.0 0.0 0.0 1.0) 0) 
            (0 
               (0.0 0.0 0.0 1.0) 0))) 
      (char/musician/outfit/top/male/modern_fittedshirt/modern_fittedshirt.char 0 
         (
            ( 0) 
            ( 0) 
            ( 0) 
            ( 0)) 
         (
            (0 
               (0.05 0.03 0.01 1.0) 83) 
            (0 
               (0.0 0.0 0.0 1.0) 11) 
            (0 
               (0.0 0.0 0.0 1.0) 30))) 
      (char/musician/outfit/bottom/male/male_rolledjeans/male_rolledjeans.char 0 
         (
            ( 0) 
            ( 0) 
            ( 0) 
            ( 0)) 
         (
            (0 
               (0.05 0.1 0.11 1.0) 76) 
            (0 
               (0.0 0.0 0.0 1.0) 7) 
            (0 
               (0.0 0.0 0.0 1.0) 16))) 
      (char/musician/outfit/head/male/head_03/head_03.char 0 
         (
            ( 0) 
            ( 0) 
            ( 0) 
            ( 0)) 
         (
            (0 
               (0.14 0.1 0.05 1.0) 8) 
            (0 
               (0.0 0.0 0.0 1.0) 0) 
            (0 
               (0.0 0.0 0.0 1.0) 0))) 
      (char/musician/outfit/hair/male/hair_messypart/hair_messypart.char 0 
         (
            ( 0) 
            ( 0) 
            ( 0) 
            ( 0)) 
         (
            (0 
               (0.0 0.0 0.0 1.0) 9) 
            (0 
               (0.0 0.0 0.0 1.0) 0) 
            (0 
               (0.0 0.0 0.0 1.0) 0))) 
      (char/musician/outfit/eyebrow/male/malebrow_05/malebrow_05.char 0 
         (
            ( 0) 
            ( 0) 
            ( 0) 
            ( 0)) 
         (
            (0 
               (0.0 0.0 0.0 1.0) 11) 
            (0 
               (0.0 0.0 0.0 1.0) 0) 
            (0 
               (0.0 0.0 0.0 1.0) 0))) 
      ( 0 
         (
            ( 0) 
            ( 0) 
            ( 0) 
            ( 0)) 
         (
            (0 
               (0.0 0.0 0.0 1.0) 0) 
            (0 
               (0.0 0.0 0.0 1.0) 0) 
            (0 
               (0.0 0.0 0.0 1.0) 0))) 
      ( 0 
         (
            ( 0) 
            ( 0) 
            ( 0) 
            ( 0)) 
         (
            (0 
               (0.0 0.0 0.0 1.0) 0) 
            (0 
               (0.0 0.0 0.0 1.0) 0) 
            (0 
               (0.0 0.0 0.0 1.0) 0))) 
      ( 0 
         (
            ( 0) 
            ( 0) 
            ( 0) 
            ( 0)) 
         (
            (0 
               (0.0 0.0 0.0 1.0) 0) 
            (0 
               (0.0 0.0 0.0 1.0) 0) 
            (0 
               (0.0 0.0 0.0 1.0) 0))) 
      (char/musician/outfit/headcessories/glasses_aviator/glasses_aviator.char 0 
         (
            ( 0) 
            ( 0) 
            ( 0) 
            ( 0)) 
         (
            (0 
               (0.0 0.0 0.0 1.0) 0) 
            (0 
               (0.0 0.0 0.0 1.0) 0) 
            (0 
               (0.0 0.0 0.0 1.0) 0))) 
      ( 0 
         (
            ( 0) 
            ( 0) 
            ( 0) 
            ( 0)) 
         (
            (0 
               (0.0 0.0 0.0 1.0) 0) 
            (0 
               (0.0 0.0 0.0 1.0) 0) 
            (0 
               (0.0 0.0 0.0 1.0) 0))) 
      ( 0 
         (
            ( 0) 
            ( 0) 
            ( 0) 
            ( 0)) 
         (
            (0 
               (0.0 0.0 0.0 1.0) 0) 
            (0 
               (0.0 0.0 0.0 1.0) 0) 
            (0 
               (0.0 0.0 0.0 1.0) 0))) 
      ( 0 
         (
            ( 0) 
            ( 0) 
            ( 0) 
            ( 0)) 
         (
            (0 
               (0.0 0.0 0.0 1.0) 0) 
            (0 
               (0.0 0.0 0.0 1.0) 0) 
            (0 
               (0.0 0.0 0.0 1.0) 0))) 
      (char/musician/outfit/makeup/full_face/male_head_03/no_makeup.char 0 
         (
            ( 0) 
            ( 0) 
            ( 0) 
            ( 0)) 
         (
            (1 
               (0.0 0.4 1.0 1.0) 0) 
            (1 
               (0.09 0.0 0.0 1.0) 0) 
            (1 
               (0.01 0.01 0.01 1.0) 0))) 
      ( 0 
         (
            ( 0) 
            ( 0) 
            ( 0) 
            ( 0)) 
         (
            (0 
               (0.0 0.0 0.0 1.0) 0) 
            (0 
               (0.0 0.0 0.0 1.0) 0) 
            (0 
               (0.0 0.0 0.0 1.0) 0))) 
      ( 0 
         (
            ( 0) 
            ( 0) 
            ( 0) 
            ( 0)) 
         (
            (0 
               (0.0 0.0 0.0 1.0) 0) 
            (0 
               (0.0 0.0 0.0 1.0) 0) 
            (0 
               (0.0 0.0 0.0 1.0) 0))) 
      ( 0 
         (
            ( 0) 
            ( 0) 
            ( 0) 
            ( 0)) 
         (
            (0 
               (0.0 0.0 0.0 1.0) 0) 
            (0 
               (0.0 0.0 0.0 1.0) 0) 
            (0 
               (0.0 0.0 0.0 1.0) 0))) 
      ( 0 
         (
            ( 0) 
            ( 0) 
            ( 0) 
            ( 0)) 
         (
            (0 
               (0.0 0.0 0.0 1.0) 0) 
            (0 
               (0.0 0.0 0.0 1.0) 0) 
            (0 
               (0.0 0.0 0.0 1.0) 0))) 
      ( 0 
         (
            ( 0) 
            ( 0) 
            ( 0) 
            ( 0)) 
         (
            (0 
               (0.0 0.0 0.0 1.0) 0) 
            (0 
               (0.0 0.0 0.0 1.0) 0) 
            (0 
               (0.0 0.0 0.0 1.0) 0))) 
      ( 0 
         (
            ( 0) 
            ( 0) 
            ( 0) 
            ( 0)) 
         (
            (0 
               (0.0 0.0 0.0 1.0) 0) 
            (0 
               (0.0 0.0 0.0 1.0) 0) 
            (0 
               (0.0 0.0 0.0 1.0) 0))) 
      ( 0 
         (
            ( 0) 
            ( 0) 
            ( 0) 
            ( 0)) 
         (
            (0 
               (0.0 0.0 0.0 1.0) 0) 
            (0 
               (0.0 0.0 0.0 1.0) 0) 
            (0 
               (0.0 0.0 0.0 1.0) 0))) 
      ( 1 
         (
            ( 0) 
            ( 0) 
            ( 0) 
            ( 0)) 
         (
            (0 
               (0.0 0.0 0.0 1.0) 0) 
            (0 
               (0.0 0.0 0.0 1.0) 0) 
            (0 
               (0.0 0.0 0.0 1.0) 0)))))
