(standard
   143508
   4194341
   272629797
   272760977
   4264192
   2240660
   77968
   4197393
   4198417
   69206037
   69271568
   69271824
   136314897
   136380416
   136380432
   136380688
   69271696
   2097173
   69275664
   69904
   136384528
   69275920
   4194609
   -2143289039
   -2143285231
   -2143285247
   268439569
   272633873
   -1874853583
   4201489
   -2143289291
   -2143285195
   4198401
   4097
   4194341
   272629797
   272632849
   -2143282159
   -2143289331
   -2143289315
   -1874853835
   -2143289331
   -2143289315
   -1874853579
   -2143289035
   -2147483339
   -1069543423
   -2142765033
   -2142760943
   -2142757871
   -2146959343
   -2142765039
   -2142761967
   -2147483635
   -2143026927
   -2143287023
   4522256
   -2147221231
   268568849
   4325389
   1078595585
   1078595601
   1078005760
   1078005776
   4460548
   4460549
   4196625
   4101
   4196624
   4100
   1078079505
   1078603793
   -2143277039
   -2143285241
   1041
   4196372
   4196373
   4196629
   4197377
   4198405
   4198407
   4198453
   4201473
   4206609
   4325405
   4325413
   4460564
   4460565
   4460599
   4591617
   20971831
   272629813
   4198404
   4206608
   4591616
   272629813
   -2145386475
   -2078277611
   -2011168751
   -2146955247
   -2142765035
   -2142760959
   -2142752751
   69206033
   -2078277615
   272636945
   -2147479547
   4326657
   -2147471343
   4722689
   4725777
   4722705
   4730897
   524305
   528401
   -1874846703
   4194561
   12305
   272761113
   4718613
   272761113
   4718615
   -2142752767
   -2142756847
   -2142765055
   4201493
   4201492
   -2142757867
   -2143285243
   -2143282155
   -2147476459
   4332565
   4725781
   7189
   4206593
   4202513
   4722709
   4718609
   4718593
   4721681
   12289
   4730881
   4726801
   8209
   -2147482607
   -2143240175
   -2143239915
   -2143239913
   4374545
   -2147434223
   4309264
   -2143240191
   -2143239919
   -2142760937
   -2142760955
   -2142760953
   4243473
   4243493
   4243495
   272678951
   272678949
   49153
   4243761
   4243729
   4243477
   4243479
   4308992
   4313088
   4243457
   4243733
   4243735
   49169
   4337681
   4243473
   4243493
   4243495
   272678951
   272678949
   4243457
   4243733
   4243735
   49169
   4308992
   4313088
   4374545
   4243761
   4243729
   4243477
   4243479
   49153
   4309264
   4505601
   4505617
   4509713
   114960
   4489489
   4509717
   4509719
   4247573
   4247575
   272679189
   272679191
   -2143240175
   4243509
   4243511
   4309264
   4902929
   4374565
   4374567
   4378641
   4378625
   4374529
   4722693
   -2142760939
   -2143277055
   -2142765051
)
(multimesh 69271568 69271824 136380688 273 4194577 33685520)
(particles 69271824 136380688 0)
(fur 135168 659456)
(postprocess 2359356)