; .bin sources:
;   launch/launch_end.txt

(
   'begin'
   (
      'actions'
      0
      (
         'blur'
         0.8
         200
         (0 0 1 1)
         0
      )
      960
      (
         'blur'
         0.7
         200
         (0 0 1 1)
         0
      )
      1920
      (
         'blur'
         0.6
         200
         (0 0 1 1)
         0
      )
      2880
      (
         'blur'
         0.5
         200
         (0 0 1 1)
         0
      )
      3840
      (
         'blur'
         0.4
         200
         (0 0 1 1)
         0
      )
      4800
      (
         'blur'
         0.3
         200
         (0 0 1 1)
         0
      )
      5760
      (
         'blur'
         0.2
         200
         (0 0 1 1)
         0
      )
      6720
      (
         'blur'
         0.1
         200
         (0 0 1 1)
         0
      )
      7680
      (
         'blur'
         0.0
         200
         (0 0 1 1)
         0
      )
   )
)