(soloer
   (quick_bend_delay 10)
   (quick_bend_duration 100)
   (quick_bend_frequency 0.0)
   (quantize FALSE)
   (time_scale 2)
   (ranges
      (43 47)
      (48 54)
      (55 62)
      (63 69)
      (70 77))
   (riffs
      (standard
         (key 4)
         (riffs
            ((69 to 71 240)
               (69 to 71 360)
               (64 60)
               (67 noattck 60)
               (69 to 71 240))
            ((67 to 69 60)
               (69 60)
               (69 120)
               (67 to 69 240))
            ((73 to 74 120)
               (74 120)
               (71 60)
               (70 noattack 60)
               (69 60))
            ((76 60)
               (74 60)
               (71 60)
               (74 60)
               (74 to 76 60)
               (0 60)
               (76 60)
               (74 noattack 60)
               (71 60)
               (74 60)
               (74 to 76 240))
            ((76 60)
               (74 60)
               (71 noattack 60)
               (69 60)
               (71 120)
               (69 to 71 60)
               (67 60)
               (69 60)
               (67 noattack 60)
               (64 240))
            ((74 to 76 120)
               (71 60)
               (70 60)
               (74 to 76 120)
               (71 60)
               (70 60)
               (74 to 76 60)
               (79 60)
               (76 60)
               (74 60)
               (74 to 76 120)
               (0 60)
               (74 60))
            ((69 to 71 60)
               (76 60)
               (74 60)
               (71 noattack 60)
               (71 60)
               (0 60)
               (69 to 71 120))
            ((69 to 71 120)
               (69 to 71 120)
               (70 60)
               (69 noattack 60)
               (67 60)
               (64 60))
            ((67 60)
               (69 noattack 60)
               (67 60)
               (64 60)
               (73 to 74 120)
               (71 60)
               (70 noattack 60)
               (69 60)
               (67 noattack 60)
               (64 120))
            ((69 to 71 60)
               (71 60)
               (76 60)
               (71 60)
               (74 to 76 120)
               (74 to 76 120))
            ((76 60)
               (79 60)
               (76 60)
               (74 60)
               (74 to 76 120)
               (76 40)
               (79 noattack 40)
               (76 noattack 40)
               (74 60)
               (71 60))
            ((74 60)
               (73 60)
               (72 noattack 60)
               (71 60)
               (73 to 74 60)
               (0 60)
               (74 60)
               (71 60)
               (69 60)
               (67 noattack 60)
               (64 120))
            ((70 to 71 120)
               (70 60)
               (69 noattack 60)
               (67 60)
               (64 60)
               (69 to 71 120)
               (69 60)
               (67 noattack 60)
               (64 120))
            ((62 60)
               (64 noattack 60)
               (67 60)
               (69 60)
               (70 to 71 120)
               (71 60)
               (69 to 71 60)
               (71 60)
               (69 to 71 120)
               (71 60)
               (69 to 71 120)
               (71 60)
               (69 to 71 60))
            ((69 to 71 60)
               (74 60)
               (71 60)
               (69 noattack 60)
               (71 120)
               (74 to 76 120)
               (76 120)
               (74 to 76 120)
               (74 60)
               (71 noattack 60)
               (67 120))
            ((67 60)
               (69 60)
               (69 to 71 60)
               (76 60)
               (74 to 76 120)
               (75 to 76 120))
            ((69 120)
               (67 60)
               (69 noattack 60)
               (69 to 71 240)
               (69 to 71 120)
               (69 noattack 60)
               (67 60)
               (69 60)
               (67 noattack 60)
               (64 120))
            ((69 120)
               (67 noattack 60)
               (64 60)
               (69 to 71 120)
               (69 to 71 120)
               (69 60)
               (67 noattack 60)
               (64 120)
               (64 240))
            ((79 40)
               (81 noattack 40)
               (79 noattack 40)
               (76 60)
               (74 60)
               (79 40)
               (81 noattack 40)
               (79 noattack 40)
               (76 60)
               (74 60))
            ((69 to 71 60)
               (71 60)
               (76 60)
               (71 60)
               (74 to 76 180)
               (76 60))
            ((0 60)
               (74 to 76 60)
               (74 60)
               (71 60)
               (74 to 76 120)
               (76 60)
               (74 noattack 60)
               (71 60)
               (70 60)
               (69 120)
               (64 120)
               (67 60)
               (60 60))
            ((67 60)
               (69 60)
               (71 noattack 60)
               (76 60)
               (74 60)
               (71 noattack 60)
               (69 60)
               (67 60)
               (76 120)
               (74 to 76 120)
               (0 120)
               (69 60)
               (67 60))
            ((76 60)
               (74 to 76 120)
               (76 60)
               (74 to 76 120)
               (76 60)
               (74 to 76 120)
               (76 60)
               (74 to 76 60)
               (76 60)
               (79 60)
               (76 60)
               (74 60)
               (76 60))
            ((0 120)
               (71 40)
               (74 noattack 40)
               (71 noattack 40)
               (69 to 71 60)
               (76 60)
               (74 120)
               (71 60)
               (70 60)
               (69 noattack 60)
               (67 60)
               (64 120))
            ((69 to 71 60)
               (64 60)
               (69 60)
               (69 to 70 60)
               (69 noattack 60)
               (67 60)
               (64 60)
               (62 60))
            ((62 to 64 60)
               (64 60)
               (67 60)
               (69 60)
               (69 to 71 120)
               (76 60)
               (74 noattack 60))
            ((76 60)
               (74 to 76 60)
               (74 noattack 60)
               (71 60)
               (74 to 76 120)
               (74 60)
               (74 to 76 60)
               (0 60)
               (74 to 76 60)
               (74 noattack 60)
               (71 60)
               (74 to 76 120)
               (76 60)
               (74 to 76 60))
            ((69 to 71 240)
               (71 160)
               (67 40)
               (64 noattack 40)
               (69 60)
               (64 60)
               (67 120)
               (64 240))
            ((74 to 76 240)
               (76 60)
               (74 60)
               (71 60)
               (69 60)
               (71 noattack 60)
               (76 60)
               (74 60)
               (71 60)
               (69 60)
               (67 noattack 60)
               (64 240))
            ((69 60)
               (64 60)
               (67 120)
               (64 180)
               (71 60))
            ((64 60)
               (67 noattack 60)
               (64 60)
               (67 noattack 60)
               (69 to 71 120)
               (70 to 71 60)
               (71 60)
               (71 60)
               (69 60)
               (67 60)
               (64 60))
            ((74 to 76 240)
               (75 to 76 120)
               (74 60)
               (76 60)
               (79 60)
               (76 60)
               (74 120))
            ((79 120)
               (76 40)
               (79 noattack 40)
               (76 noattack 40)
               (74 120)
               (71 120)
               (74 40)
               (76 noattack 40)
               (74 noattack 40)
               (70 120)
               (69 60)
               (67 noattack)
               (64 120))))
      (symph
         (key 4)
         (riffs
            ((69 to 71 240)
               (69 to 71 360)
               (64 60)
               (67 noattck 60)
               (69 to 71 240))
            ((67 to 69 60)
               (69 60)
               (69 120)
               (67 to 69 240))
            ((73 to 74 120)
               (74 120)
               (71 60)
               (70 noattack 60)
               (69 60))
            ((74 to 76 240)
               (74 to 76 240)
               (76 120)
               (74 noattack 120)
               (71 120)
               (73 to 74 360)
               (76 240)
               (71 120)
               (69 noattack 120)
               (67 120)
               (71 120))
            ((69 120)
               (67 60)
               (69 noattack 60)
               (71 120)
               (69 60)
               (71 noattack 60)
               (72 120)
               (71 60)
               (72 noattack 60)
               (72 to 74 240))
            ((70 60)
               (69 noattack 60)
               (67 noattack 60)
               (64 60)
               (70 60)
               (69 noattack 60)
               (67 noattack 60)
               (64 60)
               (69 60)
               (67 noattack 60)
               (69 noattack 60)
               (71 60)
               (67 120)
               (64 120))
            ((71 60)
               (72 noattack 60)
               (71 noattack 60)
               (69 60)
               (74 to 76 240)
               (74 60)
               (72 noattack 60)
               (71 noattack 60)
               (67 60)
               (64 240))
            ((70 to 71 120)
               (70 noattack 60)
               (69 noattack 60)
               (67 60)
               (64 60)
               (69 to 71 120)
               (69 60)
               (67 noattack 60)
               (64 120))
            ((69 120)
               (67 noattack 60)
               (64 60)
               (69 to 71 120)
               (69 to 71 120)
               (69 60)
               (67 noattack 60)
               (64 120)
               (64 240))
            ((79 40)
               (81 noattack 40)
               (79 noattack 40)
               (76 60)
               (74 60)
               (79 40)
               (81 noattack 40)
               (79 noattack 40)
               (76 60)
               (74 60))
            ((69 to 71 60)
               (71 60)
               (76 60)
               (71 60)
               (74 to 76 180)
               (76 60))
            ((0 60)
               (74 to 76 60)
               (74 60)
               (71 60)
               (74 to 76 120)
               (76 60)
               (74 noattack 60)
               (71 60)
               (70 60)
               (69 120)
               (64 120)
               (67 60)
               (60 60))
            ((67 60)
               (69 60)
               (71 noattack 60)
               (76 60)
               (74 60)
               (71 noattack 60)
               (69 60)
               (67 60)
               (76 120)
               (74 to 76 120)
               (0 120)
               (69 60)
               (67 60))
            ((76 60)
               (74 to 76 120)
               (76 60)
               (74 to 76 120)
               (76 60)
               (74 to 76 120)
               (76 60)
               (74 to 76 60)
               (76 60)
               (79 60)
               (76 60)
               (74 60)
               (76 60))
            ((0 120)
               (71 40)
               (74 noattack 40)
               (71 noattack 40)
               (69 to 71 60)
               (76 60)
               (74 120)
               (71 60)
               (70 60)
               (69 noattack 60)
               (67 60)
               (64 120))
            ((69 to 71 60)
               (64 60)
               (69 60)
               (69 to 70 60)
               (69 noattack 60)
               (67 60)
               (64 60)
               (62 60))
            ((62 to 64 60)
               (64 60)
               (67 60)
               (69 60)
               (69 to 71 120)
               (76 60)
               (74 noattack 60))
            ((76 60)
               (74 to 76 60)
               (74 noattack 60)
               (71 60)
               (74 to 76 120)
               (74 60)
               (74 to 76 60)
               (0 60)
               (74 to 76 60)
               (74 noattack 60)
               (71 60)
               (74 to 76 120)
               (76 60)
               (74 to 76 60))
            ((69 to 71 240)
               (71 160)
               (67 40)
               (64 noattack 40)
               (69 60)
               (64 60)
               (67 120)
               (64 240))
            ((74 to 76 240)
               (76 60)
               (74 60)
               (71 60)
               (69 60)
               (71 noattack 60)
               (76 60)
               (74 60)
               (71 60)
               (69 60)
               (67 noattack 60)
               (64 240))
            ((69 60)
               (64 60)
               (67 120)
               (64 180)
               (71 60))
            ((64 60)
               (67 noattack 60)
               (64 60)
               (67 noattack 60)
               (69 to 71 120)
               (70 to 71 60)
               (71 60)
               (71 60)
               (69 60)
               (67 60)
               (64 60))
            ((74 to 76 240)
               (75 to 76 120)
               (74 60)
               (76 60)
               (79 60)
               (76 60)
               (74 120))
            ((79 120)
               (76 40)
               (79 noattack 40)
               (76 noattack 40)
               (74 120)
               (71 120)
               (74 40)
               (76 noattack 40)
               (74 noattack 40)
               (70 120)
               (69 60)
               (67 noattack)
               (64 120))))
      (more
         (key 2)
         (riffs
            ((0 120)
               (64 to 66 120)
               (64 noattack 120)
               (62 120)
               (67 120)
               (66 40)
               (67 noattack 40)
               (66 noattack 40)
               (64 120)
               (62 120))
            ((66 120)
               (64 noattack 120)
               (62 120)
               (64 to 66 120)
               (64 240))
            ((0 240)
               (62 60)
               (64 noattack 60)
               (62 noattack 60)
               (57 60)
               (64 to 66 60)
               (0 60)
               (62 360))
            ((67 120)
               (66 40)
               (67 noattack 40)
               (66 noattack 40)
               (64 120)
               (62 120))
            ((66 120)
               (64 40)
               (66 noattack 40)
               (64 noattack 40)
               (62 120)
               (67 to 69 240)
               (67 120)
               (66 60)
               (67 noattack 60)
               (66 noattack 60)
               (64 60))
            ((74 120)
               (71 60)
               (69 60)
               (67 60)
               (66 noattack 60)
               (64 60)
               (62 60))
            ((69 to 71 60)
               (69 noattack 60)
               (67 60)
               (69 to 71 60)
               (69 60)
               (67 60)
               (66 noattack 60)
               (64 60))
            ((62 60)
               (64 noattack 60)
               (66 60)
               (0 60)
               (72 to 74 180)
               (71 60))
            ((64 to 66 60)
               (71 60)
               (69 60)
               (66 noattack 60)
               (67 60)
               (66 40)
               (67 noattack 40)
               (66 noattack 40)
               (64 60)
               (62 60))
            ((74 to 76 120)
               (74 60)
               (71 noattack 60)
               (69 60)
               (67 60)
               (66 noattack 60)
               (64 60))
            ((69 40)
               (71 noattack 40)
               (69 noattack 40)
               (67 120)
               (69 40)
               (71 noattack 40)
               (69 noattack 40)
               (67 120)
               (72 to 74 240)
               (73 to 74 240))
            ((62 120)
               (64 to 66 120)
               (64 noattack 120)
               (62 120)
               (67 120)
               (66 40)
               (67 noattack 40)
               (66 noattack 40)
               (64 120)
               (62 120))
            ((66 120)
               (64 noattack 120)
               (62 120)
               (64 to 66 120)
               (64 240))
            ((0 180)
               (64 60)
               (62 60)
               (64 noattack 60)
               (62 noattack 60)
               (57 60)
               (64 to 66 120)
               (62 360))
            ((67 120)
               (66 40)
               (67 noattack 40)
               (66 noattack 40)
               (64 120)
               (62 120))))))