(tracks 
   (
      (drum 
         (0 1)) 
      (drum 
         (2 3)) 
      (drum 
         (4 5)) 
      (bass 
         (6)) 
      (guitar 
         (7 8)) 
      (vocals 
         (9 10)) 
      (fake 
         (11 12))))
(pans 
   (-1.0 1.0 -1.0 1.0 -1.0 1.0 0.0 -1.0 1.0 -1.0 1.0 -1.0 1.0))
(vols 
   (-1.0 -1.0 -1.0 -1.0 -3.0 -3.0 -3.0 -3.0 -3.0 -2.0 -2.0 -2.0 -2.0))
000)
)
(vols
   (-1.0000 -1.0000 -1.0000 -1.0000 -3.0000 -3.0000 -3.0000 -3.0000 -3.0000 -2.0000 -2.0000 -2.0000 -2.0000)
)
