(tracks 
   (
      (drum 
         (0 1)) 
      (drum 
         (2 3)) 
      (drum 
         (4 5)) 
      (bass 
         (6 7)) 
      (vocals 
         (8 9)) 
      (guitar 
         (10 11)) 
      (fake 
         (12 13))))
(pans 
   (-1.0 1.0 -1.0 1.0 -1.0 1.0 -1.0 1.0 -1.0 1.0 -1.0 1.0 -1.0 1.0))
(vols 
   (-4.0 -4.0 -4.0 -4.0 -4.0 -4.0 -4.0 -4.0 -4.0 -4.0 -4.0 -4.0 -4.0 -4.0))
0)
)
(vols
   (-4.0000 -4.0000 -4.0000 -4.0000 -4.0000 -4.0000 -4.0000 -4.0000 -4.0000 -4.0000 -4.0000 -4.0000 -4.0000 -4.0000)
)
