(banks
   (common sfx/common_bank.milo)
   (ingame sfx/ingame_bank_hack.milo)
   (meta sfx/metagame_bank.milo)
   (story sfx/story_bank.milo)
   (kit sfx/kit01_bank.milo)
)
(direct_instrument_volume 10)
(instruments
   (chamberlin midiinstruments/chamberlin.milo)
   (guitar midiinstruments/guitar.milo)
)
(crowd_reactions 1)
(slider -18 -15 -13.5 -12 -10.5 -9 -7.5 -6 -4.5 -3 -1.5 0)
(slider_voicechat -96 -14 -12 -10 -8 -6 -4 -2 0 2 4 6)
(ratio_sliders
   #ifdef HX_PC
   (generic_usb
      (1.0e-4 0.0)
      (1.0e-3 0.0)
      (1.0e-2 0.0)
      (0.1 0.0)
      (0.225 0.0)
      (0.25 0.0)
      (0.275 0.0)
      (0.3 0.0)
      (0.4 0.0)
      (0.5 0.0)
      (0.7 0.0)
      (1.0 0.0)
   )
   #endif
   #ifdef HX_XBOX
   (generic_usb
      (1.0e-4 -9.0)
      (1.0e-3 -9.0)
      (1.0e-2 -9.0)
      (0.1 -9.0)
      (0.225 -9.0)
      (0.25 -9.0)
      (0.275 -9.0)
      (0.3 -9.0)
      (0.4 -9.0)
      (0.5 -9.0)
      (0.7 -9.0)
      (1.0 -9.0)
   )
   (rb1_logitech_usb
      (1.0e-4 -67.5)
      (1.0e-4 -52.5)
      (1.0e-4 -37.5)
      (1.0e-4 -25.5)
      (1.0e-4 -16.5)
      (1.0e-4 -10.5)
      (1.0e-4 -7.5)
      (1.0e-4 -6.0)
      (1.0e-4 -4.5)
      (1.0e-4 -3.0)
      (1.0e-4 -1.5)
      (1.0e-4 0.0)
   )
   (rb2_logitech_usb
      (1.0e-4 -67.5)
      (1.0e-4 -52.5)
      (1.0e-4 -37.5)
      (1.0e-4 -25.5)
      (1.0e-4 -16.5)
      (1.0e-4 -10.5)
      (1.0e-4 -7.5)
      (1.0e-4 -6.0)
      (1.0e-4 -4.5)
      (1.0e-4 -3.0)
      (1.0e-4 -1.5)
      (1.0e-4 0.0)
   )
   (contel
      (1.0e-3 -55)
      (1.0e-3 -40)
      (1.0e-3 -25)
      (1.0e-3 -13)
      (1.0e-3 -4)
      (1.0e-3 2.0)
      (1.0e-3 5.0)
      (1.0e-3 6.5)
      (1.0e-3 8.0)
      (1.0e-3 9.5)
      (1.0e-3 11.0)
      (1.0e-3 12.5)
   )
   (lips_wireless
      (1.0e-2 -18.0)
      (2.0e-2 -18.0)
      (2.2e-2 -18.0)
      (3.0e-2 -18.0)
      (8.0e-2 -18.0)
      (8.5e-2 -18.0)
      (8.7e-2 -18.0)
      (0.12 -18.0)
      (0.16 -18.0)
      (0.2 -18.0)
      (0.4 -18.0)
      (0.6 -18.0)
   )
   #endif
   #ifdef HX_PS3
   (generic_usb
      (0.0 0.0)
      (0.0 0.0)
      (1.0 0.0)
      (1.0 0.0)
      (2.0 0.0)
      (2.0 0.0)
      (3.0 0.0)
      (3.0 0.0)
      (4.0 0.0)
      (4.0 0.0)
      (5.0 0.0)
      (5.0 0.0)
   )
   (generic_bluetooth
      (0.0 0.0)
      (0.0 0.0)
      (1.0 0.0)
      (1.0 0.0)
      (2.0 0.0)
      (2.0 0.0)
      (3.0 0.0)
      (3.0 0.0)
      (4.0 0.0)
      (4.0 0.0)
      (5.0 0.0)
      (5.0 0.0)
   )
   (rb1_logitech_usb
      (0.0 -67.5)
      (0.0 -52.5)
      (0.0 -37.5)
      (0.0 -25.5)
      (0.0 -16.5)
      (0.0 -10.5)
      (0.0 -7.5)
      (0.0 -6.0)
      (0.0 -4.5)
      (0.0 -3.0)
      (0.0 -1.5)
      (0.0 0.0)
   )
   (contel
      (0.0 -55)
      (0.0 -40)
      (0.0 -25)
      (0.0 -13)
      (0.0 -4)
      (0.0 2.0)
      (0.0 5.0)
      (0.0 6.5)
      (0.0 8.0)
      (0.0 9.5)
      (0.0 11.0)
      (0.0 12.5)
   )
   (pdp_usb
      (0.0 -67.5)
      (0.0 -52.5)
      (0.0 -37.5)
      (0.0 -25.5)
      (0.0 -16.5)
      (0.0 -10.5)
      (0.0 -7.5)
      (0.0 -6.0)
      (0.0 -4.5)
      (0.0 -3.0)
      (0.0 -1.5)
      (0.0 0.0)
   )
   (singstar_usb
      (2.0 -64.5)
      (2.0 -49.5)
      (2.0 -34.5)
      (2.0 -22.5)
      (2.0 -13.5)
      (2.0 -7.5)
      (2.0 -4.5)
      (2.0 -3.0)
      (2.0 -1.5)
      (2.0 0.0)
      (2.0 2.5)
      (2.0 3.0)
   )
   (singstar_wireless
      (2.0 -62.5)
      (2.0 -47.5)
      (2.0 -32.5)
      (2.0 -20.5)
      (2.0 -11.5)
      (2.0 -5.5)
      (2.0 -2.5)
      (2.0 -1.0)
      (2.0 0.5)
      (2.0 2.0)
      (2.0 4.5)
      (2.0 5.0)
   )
   #endif
   #ifdef HX_WII
   (generic_usb
      (1.0e-4 0.0)
      (1.0e-3 0.0)
      (1.0e-2 0.0)
      (0.1 0.0)
      (0.225 0.0)
      (0.25 0.0)
      (0.275 0.0)
      (0.3 0.0)
      (0.4 0.0)
      (0.5 0.0)
      (0.7 0.0)
      (1.0 0.0)
   )
   (rb1_logitech_usb
      (1.0e-4 0.0)
      (1.0e-3 0.0)
      (1.0e-2 0.0)
      (0.1 0.0)
      (0.225 0.0)
      (0.25 0.0)
      (0.275 0.0)
      (0.3 0.0)
      (0.4 0.0)
      (0.5 0.0)
      (0.7 0.0)
      (1.0 0.0)
   )
   (rb2_logitech_usb
      (1.0e-4 0.0)
      (1.0e-3 0.0)
      (1.0e-2 0.0)
      (0.1 0.0)
      (0.225 0.0)
      (0.25 0.0)
      (0.275 0.0)
      (0.3 0.0)
      (0.4 0.0)
      (0.5 0.0)
      (0.7 0.0)
      (1.0 0.0)
   )
   #endif
)
(song_select
   (loop_forever 1)
   (fade_time 0.5)
   (attenuation 15)
)
(am_radio
   (high_frequency 6000.0)
   (high_gain -10.0)
   (low_frequency 400.0)
   (low_gain -10.0)
)