(tracks 
   (
      (drum 
         (0)) 
      (drum 
         (1 2)) 
      (drum 
         (3 4)) 
      (bass 
         (5 6)) 
      (vocals 
         (7 8)) 
      (guitar 
         (9 10)) 
      (fake 
         (11 12))))
(pans 
   (0.0 -1.0 1.0 -1.0 1.0 -1.0 1.0 -1.0 1.0 -1.0 1.0 -1.0 1.0))
(vols 
   (-1.0 -4.0 -4.0 -4.0 -4.0 -4.0 -4.0 -4.0 -4.0 -4.0 -4.0 -4.0 -4.0))
000)
)
(vols
   (-1.0000 -4.0000 -4.0000 -4.0000 -4.0000 -4.0000 -4.0000 -4.0000 -4.0000 -4.0000 -4.0000 -4.0000 -4.0000)
)
