(18andlife
   (31933 43128 59640 66462))
(aintnothinbut
   (44639 51435 81058 95875))
(ballstothewall
   (67531 103799 118047 123175))
(ballroomblitz
   (53425 60097 92874 104701))
(bangyourhead
   (53535 80482 104553 112449))
(bathroomwall
   (52205 69835 106240 113503))
(caughtinamosh
   (80355 99018 159610 178520))
(electriceye
   (53995 79133 127280 147723))
(heatofthemoment
   (39044 48679 59630 70394))
(holdonloosely
   (50157 60279 94298 100871))
(holydiver
   (44782 59295 99961 112612))
(iran
   (60071 69880 107823 117564))
(iwannarock
   (35549 46404 70560 80950))
(lonelyisthenight
   (35794 53341 92803 99688))
(losangeles
   (32836 54147 106464 113456))
(noonelikeyou
   (39099 53003 62594 64339))
(onlyalad
   (46743 69117 107470 116100))
(playwithme
   (35226 52201 87022 119031))
(policetruck
   (37815 46954 87612 97770))
(radarlove
   (52995 70748 92180 101465))
(roundandround
   (36998 59013 97748 106433))
(seventeen
   (44369 73694 101497 116222))
(shakin
   (32777 42945 52319 56290))
(synchronicity2
   (53007 78839 113418 126738))
(turningjapanese
   (54330 62529 100886 105774))
(thewarrior
   (47972 63337 82400 93654))
(wegotthebeat
   (30785 45087 59135 63068))
(whatilikeaboutyou
   (40135 49736 88316 108011))
(wrathchild
   (30716 53533 83038 91417))
(becauseitsmidnite
   (16134 26234 61827 65065))