(submixes
   (basic (0 1 2 3 4))
   (drums0
      (
         (0 1)
         (0 1)
         (0 1)
         (0 1)
         (0 1)
      )
   )
   (drums0d
      (
         (0 1)
         (0 1)
         (0 1)
         (0 1)
         (0 1)
      )
   )
   (drums1
      (
         (0)
         (1)
         (2 3)
         (2 3)
         (2 3)
      )
   )
   (drums1easy
      (
         (0)
         (1 2 3)
         (1 2 3)
         (1 2 3)
         (1 2 3)
      )
   )
   (drums1easynokick
      (
         (0)
         (1 2 3)
         (0 1 2 3)
         (0 1 2 3)
         (0 1 2 3)
      )
   )
   (drums1d
      (
         (0)
         (2 3)
         (1)
         (2 3)
         (2 3)
      )
   )
   (drums2
      (
         (0)
         (1 2)
         (3 4)
         (3 4)
         (3 4)
      )
   )
   (drums2easy
      (
         (0)
         (1 2 3 4)
         (1 2 3 4)
         (1 2 3 4)
         (1 2 3 4)
      )
   )
   (drums2easynokick
      (
         (0)
         (1 2)
         (0 3 4)
         (0 3 4)
         (0 3 4)
      )
   )
   (drums2easysnareonly
      (
         (0)
         (0 1 2 3 4)
         (0 3 4)
         (0 3 4)
         (0 3 4)
      )
   )
   (drums2d
      (
         (0)
         (3 4)
         (1 2)
         (3 4)
         (3 4)
      )
   )
   (drums3
      (
         (0 1)
         (2 3)
         (4 5)
         (4 5)
         (4 5)
      )
   )
   (drums3d
      (
         (0 1)
         (4 5)
         (2 3)
         (4 5)
         (4 5)
      )
   )
   (drums3easy
      (
         (0 1)
         (2 3 4 5)
         (2 3 4 5)
         (2 3 4 5)
         (2 3 4 5)
      )
   )
   (drums3easynokick
      (
         (0 1)
         (2 3)
         (0 1 4 5)
         (0 1 4 5)
         (0 1 4 5)
      )
   )
   (drums4
      (
         (0)
         (1 2)
         (1 2)
         (1 2)
         (1 2)
      )
   )
   (drums4d
      (
         (0)
         (1 2)
         (1 2)
         (1 2)
         (1 2)
      )
   )
   (drums4easynokick
      (
         (0)
         (0 1 2)
         (0 1 2)
         (0 1 2)
         (0 1 2)
      )
   )
)