5
'Player 0'
0
(1 
   (
      ( 
         (
            ( 3604525) 
            ( 2949171) 
            ( 3407927) 
            ( 3473460)) 
         (
            (0 
               (0.0 0.0 0.0 1.0) 0) 
            (0 
               (0.0 0.0 0.0 1.0) 0) 
            (0 
               (0.0 0.0 0.0 1.0) 0))) 
      (char/instrument/bass/precision_01/precision_01.char 
         (
            ( 3604525) 
            ( 2949171) 
            ( 3407927) 
            ( 3473460)) 
         (
            (0 
               (0.0 0.0 0.0 1.0) 0) 
            (0 
               (0.0 0.0 0.0 1.0) 0) 
            (0 
               (0.0 0.0 0.0 1.0) 0))) 
      ( 
         (
            ( 3604525) 
            ( 2949171) 
            ( 3407927) 
            ( 3473460)) 
         (
            (0 
               (0.0 0.0 0.0 1.0) 0) 
            (0 
               (0.0 0.0 0.0 1.0) 0) 
            (0 
               (0.0 0.0 0.0 1.0) 0))) 
      ( 
         (
            ( 3604525) 
            ( 2949171) 
            ( 3407927) 
            ( 3473460)) 
         (
            (0 
               (0.0 0.0 0.0 1.0) 0) 
            (0 
               (0.0 0.0 0.0 1.0) 0) 
            (0 
               (0.0 0.0 0.0 1.0) 0))) 
      (char/musician/outfit/skin/skin_01/skin_01.char 
         (
            ( 3604525) 
            ( 2949171) 
            ( 3407927) 
            ( 3473460)) 
         (
            (0 
               (0.0 0.0 0.0 1.0) 0) 
            (0 
               (0.0 0.0 0.0 1.0) 0) 
            (0 
               (0.0 0.0 0.0 1.0) 0))) 
      (char/musician/outfit/top/female/modern_leatherjacket/modern_leatherjacket.char 
         (
            ( 3604525) 
            ( 2949171) 
            ( 3407927) 
            ( 3473460)) 
         (
            (0 
               (0.0 0.0 0.0 1.0) 0) 
            (0 
               (0.0 0.0 0.0 1.0) 0) 
            (0 
               (0.0 0.0 0.0 1.0) 0))) 
      (char/musician/outfit/bottom/female/skinny_jeans/skinny_jeans.char 
         (
            ( 3604525) 
            ( 2949171) 
            ( 3407927) 
            ( 3473460)) 
         (
            (0 
               (0.0 0.0 0.0 1.0) 0) 
            (0 
               (0.0 0.0 0.0 1.0) 0) 
            (0 
               (0.0 0.0 0.0 1.0) 0))) 
      (char/musician/outfit/head/female/head_01/head_01.char 
         (
            ( 3604525) 
            ( 2949171) 
            ( 3407927) 
            ( 3473460)) 
         (
            (0 
               (0.0 0.0 0.0 1.0) 0) 
            (0 
               (0.0 0.0 0.0 1.0) 0) 
            (0 
               (0.0 0.0 0.0 1.0) 0))) 
      (char/musician/outfit/hair/unisex/hair_bob/hair_bob.char 
         (
            ( 3604525) 
            ( 2949171) 
            ( 3407927) 
            ( 3473460)) 
         (
            (0 
               (0.0 0.0 0.0 1.0) 0) 
            (0 
               (0.0 0.0 0.0 1.0) 0) 
            (0 
               (0.0 0.0 0.0 1.0) 0))) 
      ( 
         (
            ( 3604525) 
            ( 2949171) 
            ( 3407927) 
            ( 3473460)) 
         (
            (0 
               (0.0 0.0 0.0 1.0) 0) 
            (0 
               (0.0 0.0 0.0 1.0) 0) 
            (0 
               (0.0 0.0 0.0 1.0) 0))) 
      ( 
         (
            ( 3604525) 
            ( 2949171) 
            ( 3407927) 
            ( 3473460)) 
         (
            (0 
               (0.0 0.0 0.0 1.0) 0) 
            (0 
               (0.0 0.0 0.0 1.0) 0) 
            (0 
               (0.0 0.0 0.0 1.0) 0))) 
      ( 
         (
            ( 3604525) 
            ( 2949171) 
            ( 3407927) 
            ( 3473460)) 
         (
            (0 
               (0.0 0.0 0.0 1.0) 0) 
            (0 
               (0.0 0.0 0.0 1.0) 0) 
            (0 
               (0.0 0.0 0.0 1.0) 0))) 
      ( 
         (
            ( 3604525) 
            ( 2949171) 
            ( 3407927) 
            ( 3473460)) 
         (
            (0 
               (0.0 0.0 0.0 1.0) 0) 
            (0 
               (0.0 0.0 0.0 1.0) 0) 
            (0 
               (0.0 0.0 0.0 1.0) 0))) 
      ( 
         (
            ( 3604525) 
            ( 2949171) 
            ( 3407927) 
            ( 3473460)) 
         (
            (0 
               (0.0 0.0 0.0 1.0) 0) 
            (0 
               (0.0 0.0 0.0 1.0) 0) 
            (0 
               (0.0 0.0 0.0 1.0) 0))) 
      ( 
         (
            ( 3604525) 
            ( 2949171) 
            ( 3407927) 
            ( 3473460)) 
         (
            (0 
               (0.0 0.0 0.0 1.0) 0) 
            (0 
               (0.0 0.0 0.0 1.0) 0) 
            (0 
               (0.0 0.0 0.0 1.0) 0))) 
      ( 
         (
            ( 3604525) 
            ( 2949171) 
            ( 3407927) 
            ( 3473460)) 
         (
            (0 
               (0.0 0.0 0.0 1.0) 0) 
            (0 
               (0.0 0.0 0.0 1.0) 0) 
            (0 
               (0.0 0.0 0.0 1.0) 0))) 
      ( 
         (
            ( 3604525) 
            ( 2949171) 
            ( 3407927) 
            ( 3473460)) 
         (
            (0 
               (0.0 0.0 0.0 1.0) 0) 
            (0 
               (0.0 0.0 0.0 1.0) 0) 
            (0 
               (0.0 0.0 0.0 1.0) 0))) 
      ( 
         (
            ( 3604525) 
            ( 2949171) 
            ( 3407927) 
            ( 3473460)) 
         (
            (0 
               (0.0 0.0 0.0 1.0) 0) 
            (0 
               (0.0 0.0 0.0 1.0) 0) 
            (0 
               (0.0 0.0 0.0 1.0) 0))) 
      ( 
         (
            ( 3604525) 
            ( 2949171) 
            ( 3407927) 
            ( 3473460)) 
         (
            (0 
               (0.0 0.0 0.0 1.0) 0) 
            (0 
               (0.0 0.0 0.0 1.0) 0) 
            (0 
               (0.0 0.0 0.0 1.0) 0))) 
      ( 
         (
            ( 3604525) 
            ( 2949171) 
            ( 3407927) 
            ( 3473460)) 
         (
            (0 
               (0.0 0.0 0.0 1.0) 0) 
            (0 
               (0.0 0.0 0.0 1.0) 0) 
            (0 
               (0.0 0.0 0.0 1.0) 0))) 
      ( 
         (
            ( 3604525) 
            ( 2949171) 
            ( 3407927) 
            ( 3473460)) 
         (
            (0 
               (0.0 0.0 0.0 1.0) 0) 
            (0 
               (0.0 0.0 0.0 1.0) 0) 
            (0 
               (0.0 0.0 0.0 1.0) 0))) 
      ( 
         (
            ( 3604525) 
            ( 2949171) 
            ( 3407927) 
            ( 3473460)) 
         (
            (0 
               (0.0 0.0 0.0 1.0) 0) 
            (0 
               (0.0 0.0 0.0 1.0) 0) 
            (0 
               (0.0 0.0 0.0 1.0) 0))) 
      ( 
         (
            ( 3604525) 
            ( 2949171) 
            ( 3407927) 
            ( 3473460)) 
         (
            (0 
               (0.0 0.0 0.0 1.0) 0) 
            (0 
               (0.0 0.0 0.0 1.0) 0) 
            (0 
               (0.0 0.0 0.0 1.0) 0))) 
      ( 
         (
            ( 3604525) 
            ( 2949171) 
            ( 3407927) 
            ( 3473460)) 
         (
            (0 
               (0.0 0.0 0.0 1.0) 0) 
            (0 
               (0.0 0.0 0.0 1.0) 0) 
            (0 
               (0.0 0.0 0.0 1.0) 0)))))
