; each top-level array corresponds to ascii 
; they have 1 or more line strips like
; ((x1 y1 x2 y2 ...) [(x1 y1 x2 y2 ...)])
; 0 0 is upper left, 1 1 is lower right
; NOTE a-z are filled in by Rnd::Init

()
()
()
()
()
()
()
()
()
()
()
()
()
()
()
()
()
()
()
()
()
()
()
()
()
()
()
()
()
()
()
()
()
((.5 0 .5 .6) (.5 .8 .5 .1)) ; !
((.4 0 .4 .3) (.6 0 .6 .3)) ; "
((.3 0 .3 1 0 .7 1 .7) (.7 1 .7 0 1 .3 0 .3)) ; #
((1 .3 .5 .1 0 .3 1 .7 .5 .9 0 .7) (.5 0 .5 1)) ; $
((.5 0 .2 .3 0 0 1 0 0 1 1 1) (1 1 .8 .7 .5 1)) ; %
((1 1 0 .3 0 .15 .15 0 .5 0 .65 .15) (.65 .15 .65 .3 0 .8 .3 1 .6 1 1 .5)) ; &
((.5 0 .5 .3 .3 .5)) ; '
((.5 0 0 .25 0 .75 .5 1)) ; (
((.5 0 1 .25 1 .75 .5 1)) ; )
((.2 .2 .8 .8 .5 .5 .8 .2 .2 .8) (0 .5 1 .5)) ; *
((.5 0 .5 1 .5 .5 0 .5 1 .5)) ; +
((.5 .8 .5 1 .3 1.2)) ; ,
((0 .5 1 .5)) ; -
((.4 .8 .4 1 .6 1 .6 .8)) ; .
((0 1 1 0)) ; /
((0 0 1 0 1 1 0 1 0 0)) ; 0
((.5 0 .5 1)) ; 1
((0 0 1 0 1 .5 0 .5 0 1 1 1)) ; 2
((0 0 1 0 1 .5 .25 .5) (1 .5 1 1 0 1)) ; 3
((0 0 0 .5 1 .5 1 0 1 1)) ; 4
((1 0 0 0 0 .5 1 .5 1 1 0 1)) ; 5
((0 0 0 1 1 1 1 .5 0 .5)) ; 6
((0 0 1 0 0 1)) ; 7
((1 .5 1 1 0 1 0 .5 1 .5) (.2 .5 .2 0 .8 0 .8 .5)) ; 8
((1 1 1 0 0 0 0 .5 1 .5)) ; 9
((.4 .2 .5 .3 .6 .2 .5 .1 .4 .2) (.4 .8 .5 .9 .6 .8 .5 .7 .4 .8)) ; :
((.4 .2 .5 .3 .6 .2 .5 .1 .4 .2) (.5 .5 .5 .8 .3 1)) ; ,
((1 0 0 .5 1 1)) ; <
((0 .3 1 .3) (0 .7 1 .7)) ; =
((0 0 1 .5 0 1)) ; >
((.2 .2 .5 0 .8 .1 .8 .4 .5 .5 .5 .7) (.5 .8 .6 .9 .5 1 .4 .9 .5 .8)) ; ?
() ; @
((1 1 .85 .7 .15 .7 0 1 .5 0 .85 .7)) ; A
((0 1 0 0 .8 0 .9 .1 .9 .3 .8 .4) (0 .4 .8 .4 1 .6 1 .8 .8 1 0 1)) ; B
((1 .3 .5 0 0 .3 0 .7 .5 1 1 .7)) ; C
((0 1 0 0 .7 0 1 .3 1 .7 .7 1) (.7 1 0 1)) ; D
((1 0 0 0 0 .5 .75 .5) (0 .5 0 1 1 1)) ; E
((0 1 0 .5 1 .5 0 .5 0 0 1 0)) ; F
((1 .2 .8 0 .3 0 0 .3 0 .7 .3 1) (.3 1 .7 1 1 .7 1 .5 .6 .5 .5 .5)) ; G
((0 0 0 1 0 .5 1 .5 1 0 1 1)) ; H
((0 0 1 0 .5 0 .5 1 0 1 1 1)) ; I
((0 0 1 0 .6 0 .6 .8 .3 1 0 .8)) ; J
((0 0 0 1 0 .5 1 0 0 .5 1 1)) ; K
((0 0 0 1 1 1)) ; L
((0 1 0 0 .5 .5 1 0 1 1)) ; M
((0 1 0 0 1 1 1 0)) ; N
((.3 0 .7 0 1 .3 1 .7 .7 1 .3 1) (.3 1 0 .7 0 .3 .3 0)) ; O
((0 1 0 0 .8 0 1 .2 .8 .4 0 .4)) ; P
((1 1 .6 .6 .85 .85 .7 1 .3 1 0 .7) (0 .7 0 .3 .3 0 .7 0 1 .3 .9 .85)) ; Q
((0 1 0 0 1 0 1 .4 0 .4 1 1)) ; R
((1 .2 .8 0 .2 0 0 .2 .2 .5 .8 .5) (.8 .5 1 .65 1 .8 .8 1 .2 1 0 .8)) ; S
((0 0 .5 0 .5 1 .5 0 1 0)) ; T
((0 0 0 .8 .2 1 .8 1 1 .8 1 0)) ; U
((0 0 .5 1 1 0)) ; V
((0 0 0 1 .5 .5 1 1 1 0)) ; W
((0 0 1 1 .5 .5 1 0 0 1)) ; X
((0 0 .5 .5 .5 1 .5 .5 1 0)) ; Y
((0 0 1 0 0 1 1 1)) ; Z
((.5 0 0 0 0 1 .5 1)) ; [
((0 0 1 1)) ; \
((.5 0 1 0 1 1 .5 1)) ; ]
((0 .5 .5 0 1 .5)) ; ^
((0 1 1 1)) ; _
((.5 0 .5 .3 .7 .5)) ; `
() ; a 
() 
()
()
()
()
()
()
()
()
()
()
()
()
()
()
()
()
()
()
()
()
()
()
()
() ; z
((1 0 .5 .15 .5 .35 .25 .5 .5 .65 .5 .85) (.5 .85 1 1)) ; {
((.5 0 .5 1)) ; |
((0 0 .5 .15 .5 .35 .75 .5 .5 .65 .5 .85) (.5 .85 0 1)) ; }
((0 .5 .2 .3 .4 .3 .6 .6 .8 .6 1 .3)) ; ~
