(18andlife (23791 38350 59394 64005))
(aintnothinbut (42709 65692 84738 96378))
(ballstothewall (67240 109045 120104 121976))
(ballroomblitz (49245 59897 94226 104539))
(bangyourhead (56633 89239 107452 112241))
(bathroomwall (37018 52455 92616 109595))
(caughtinamosh (43411 84603 155138 178992))
(electriceye (55735 81980 132794 153788))
(heatofthemoment (42010 53351 60558 71300))
(holdonloosely (64126 75560 90394 97810))
(holydiver (41469 56602 104897 113385))
(iran (60296 73464 109197 114726))
(iwantcandy (24046 36232 44892 65267))
(iwannarock (35441 46447 70560 81000))
(lonelyisthenight (35038 51218 93211 101115))
(losangeles (43836 54097 106864 113356))
(noonelikeyou (38368 53346 62692 64337))
(onlyalad (46515 68909 107486 125102))
(playwithme (28082 45199 85583 117958))
(policetruck (37984 47580 88434 98941))
(radarlove (63293 80847 97173 105847))
(roundandround (33537 58453 102621 108808))
(seventeen (45145 76895 103460 117704))
(shakin (40574 47395 56814 59237))
(synchronicity2 (66472 92679 120818 127376))
(turningjapanese (56002 70929 101666 105542))
(thewarrior (45886 63037 82600 93604))
(wegotthebeat (34256 53105 59435 63068))
(whatilikeaboutyou (45435 55983 91084 108073))
(wrathchild (30358 53814 82952 91306))
(becauseitsmidnite (82000 82000 82000 82000))