8
'Sick Rachel'
1
(1 
   (
      (char/instrument/guitar/telecaster_01/telecaster_01_paint_worn.char 0 
         (
            ( 0) 
            ( 0) 
            ( 0) 
            ( 0)) 
         (
            (0 
               (0.0 0.0 0.0 1.0) 0) 
            (0 
               (1.0 1.0 1.0 1.0) 1) 
            (0 
               (0.0 0.0 0.0 1.0) 34))) 
      (char/instrument/bass/jaguar_bass_01/jaguar_bass_01_wood.char 0 
         (
            (base 0) 
            (detail 0) 
            ( 0) 
            ( 0)) 
         (
            (0 
               (0.0 0.0 0.0 1.0) 0) 
            (0 
               (0.0 0.0 0.0 1.0) 1) 
            (0 
               (0.0 0.0 0.0 1.0) 0))) 
      (char/instrument/drum/generic_01/generic_01_paint.char 0 
         (
            (primary 0) 
            ( 0) 
            ( 0) 
            ( 0)) 
         (
            (0 
               (0.0 0.09 0.21 1.0) 24) 
            (0 
               (1.0 1.0 1.0 1.0) 54) 
            (0 
               (0.0 0.0 0.0 1.0) 0))) 
      ( 1 
         (
            ( 0) 
            ( 0) 
            ( 0) 
            ( 0)) 
         (
            (0 
               (0.0 0.0 0.0 1.0) 0) 
            (0 
               (0.0 0.0 0.0 1.0) 0) 
            (0 
               (0.0 0.0 0.0 1.0) 0))) 
      (char/musician/outfit/skin/skin_01/skin_01.char 0 
         (
            ( 0) 
            ( 0) 
            ( 0) 
            ( 0)) 
         (
            (0 
               (1.0 1.0 1.0 1.0) 2) 
            (0 
               (0.0 0.0 0.0 1.0) 0) 
            (0 
               (0.0 0.0 0.0 1.0) 0))) 
      (char/musician/outfit/top/female/metal_jeanjacket/metal_jeanjacket.char 0 
         (
            ( 0) 
            ( 0) 
            ( 0) 
            ( 0)) 
         (
            (0 
               (0.02 0.02 0.01 1.0) 5) 
            (0 
               (0.42 0.02 0.01 1.0) 4) 
            (0 
               (0.46 0.62 0.71 1.0) 20))) 
      (char/musician/outfit/bottom/female/punk_rippedjeans/punk_rippedjeans.char 0 
         (
            ( 0) 
            ( 0) 
            ( 0) 
            ( 0)) 
         (
            (0 
               (0.39 0.69 1.0 1.0) 1) 
            (0 
               (0.02 0.01 0.0 1.0) 104) 
            (0 
               (1.0 1.0 1.0 1.0) 13))) 
      (char/musician/outfit/head/female/head_07/head_07.char 0 
         (
            ( 0) 
            ( 0) 
            ( 0) 
            ( 0)) 
         (
            (0 
               (0.14 0.1 0.05 1.0) 12) 
            (0 
               (0.0 0.0 0.0 1.0) 0) 
            (0 
               (0.0 0.0 0.0 1.0) 0))) 
      (char/musician/outfit/hair/unisex/hair_longhalf/hair_longhalf.char 0 
         (
            ( 0) 
            ( 0) 
            ( 0) 
            ( 0)) 
         (
            (0 
               (0.0 0.0 0.0 1.0) 16) 
            (0 
               (0.0 0.0 0.0 1.0) 0) 
            (0 
               (0.0 0.0 0.0 1.0) 0))) 
      (char/musician/outfit/eyebrow/female/fembrow_02/fembrow_02.char 0 
         (
            ( 0) 
            ( 0) 
            ( 0) 
            ( 0)) 
         (
            (0 
               (0.0 0.0 0.0 1.0) 16) 
            (0 
               (0.0 0.0 0.0 1.0) 0) 
            (0 
               (0.0 0.0 0.0 1.0) 0))) 
      ( 1 
         (
            ( 0) 
            ( 0) 
            ( 0) 
            ( 0)) 
         (
            (0 
               (0.0 0.0 0.0 1.0) 0) 
            (0 
               (0.0 0.0 0.0 1.0) 0) 
            (0 
               (0.0 0.0 0.0 1.0) 0))) 
      ( 1 
         (
            ( 0) 
            ( 0) 
            ( 0) 
            ( 0)) 
         (
            (0 
               (0.0 0.0 0.0 1.0) 0) 
            (0 
               (0.0 0.0 0.0 1.0) 0) 
            (0 
               (0.0 0.0 0.0 1.0) 0))) 
      ( 1 
         (
            ( 0) 
            ( 0) 
            ( 0) 
            ( 0)) 
         (
            (0 
               (0.0 0.0 0.0 1.0) 0) 
            (0 
               (0.0 0.0 0.0 1.0) 0) 
            (0 
               (0.0 0.0 0.0 1.0) 0))) 
      ( 1 
         (
            ( 0) 
            ( 0) 
            ( 0) 
            ( 0)) 
         (
            (0 
               (0.0 0.0 0.0 1.0) 0) 
            (0 
               (0.0 0.0 0.0 1.0) 0) 
            (0 
               (0.0 0.0 0.0 1.0) 0))) 
      ( 1 
         (
            ( 0) 
            ( 0) 
            ( 0) 
            ( 0)) 
         (
            (0 
               (0.0 0.0 0.0 1.0) 0) 
            (0 
               (0.0 0.0 0.0 1.0) 0) 
            (0 
               (0.0 0.0 0.0 1.0) 0))) 
      ( 1 
         (
            ( 0) 
            ( 0) 
            ( 0) 
            ( 0)) 
         (
            (0 
               (0.0 0.0 0.0 1.0) 0) 
            (0 
               (0.0 0.0 0.0 1.0) 0) 
            (0 
               (0.0 0.0 0.0 1.0) 0))) 
      ( 1 
         (
            ( 0) 
            ( 0) 
            ( 0) 
            ( 0)) 
         (
            (0 
               (0.0 0.0 0.0 1.0) 0) 
            (0 
               (0.0 0.0 0.0 1.0) 0) 
            (0 
               (0.0 0.0 0.0 1.0) 0))) 
      (char/musician/outfit/makeup/full_face/fem_head_02/no_makeup.char 0 
         (
            ( 0) 
            ( 0) 
            ( 0) 
            ( 0)) 
         (
            (0 
               (0.0 0.4 1.0 1.0) 11) 
            (1 
               (0.09 0.0 0.0 1.0) 0) 
            (1 
               (0.01 0.01 0.01 1.0) 0))) 
      ( 1 
         (
            ( 0) 
            ( 0) 
            ( 0) 
            ( 0)) 
         (
            (0 
               (0.0 0.0 0.0 1.0) 0) 
            (0 
               (0.0 0.0 0.0 1.0) 0) 
            (0 
               (0.0 0.0 0.0 1.0) 0))) 
      ( 1 
         (
            ( 0) 
            ( 0) 
            ( 0) 
            ( 0)) 
         (
            (0 
               (0.0 0.0 0.0 1.0) 0) 
            (0 
               (0.0 0.0 0.0 1.0) 0) 
            (0 
               (0.0 0.0 0.0 1.0) 0))) 
      ( 1 
         (
            ( 0) 
            ( 0) 
            ( 0) 
            ( 0)) 
         (
            (0 
               (0.0 0.0 0.0 1.0) 0) 
            (0 
               (0.0 0.0 0.0 1.0) 0) 
            (0 
               (0.0 0.0 0.0 1.0) 0))) 
      ( 1 
         (
            ( 0) 
            ( 0) 
            ( 0) 
            ( 0)) 
         (
            (0 
               (0.0 0.0 0.0 1.0) 0) 
            (0 
               (0.0 0.0 0.0 1.0) 0) 
            (0 
               (0.0 0.0 0.0 1.0) 0))) 
      ( 1 
         (
            ( 0) 
            ( 0) 
            ( 0) 
            ( 0)) 
         (
            (0 
               (0.0 0.0 0.0 1.0) 0) 
            (0 
               (0.0 0.0 0.0 1.0) 0) 
            (0 
               (0.0 0.0 0.0 1.0) 0))) 
      ( 1 
         (
            ( 0) 
            ( 0) 
            ( 0) 
            ( 0)) 
         (
            (0 
               (0.0 0.0 0.0 1.0) 0) 
            (0 
               (0.0 0.0 0.0 1.0) 0) 
            (0 
               (0.0 0.0 0.0 1.0) 0))) 
      ( 1 
         (
            ( 0) 
            ( 0) 
            ( 0) 
            ( 0)) 
         (
            (0 
               (0.0 0.0 0.0 1.0) 0) 
            (0 
               (0.0 0.0 0.0 1.0) 0) 
            (0 
               (0.0 0.0 0.0 1.0) 0))) 
      ( 1 
         (
            ( 0) 
            ( 0) 
            ( 0) 
            ( 0)) 
         (
            (0 
               (0.0 0.0 0.0 1.0) 0) 
            (0 
               (0.0 0.0 0.0 1.0) 0) 
            (0 
               (0.0 0.0 0.0 1.0) 0)))))
