8
Declan
1
(0 
   (
      (char/instrument/guitar/telecaster_02/telecaster_02_paint_worn.char 0 
         (
            ( 3) 
            ( 0) 
            ( 0) 
            ( 0)) 
         (
            (0 
               (0.0 0.0 0.0 1.0) 0) 
            (0 
               (1.0 1.0 1.0 1.0) 2) 
            (0 
               (0.0 0.0 0.0 1.0) 34))) 
      (char/instrument/bass/jazz_01/jazz_01_wood.char 0 
         (
            (base 0) 
            (detail 0) 
            ( 0) 
            ( 0)) 
         (
            (0 
               (0.0 0.0 0.0 1.0) 1) 
            (0 
               (0.0 0.0 0.0 1.0) 0) 
            (0 
               (0.0 0.0 0.0 1.0) 0))) 
      (char/instrument/drum/generic_01/generic_01_starter.char 0 
         (
            ( 0) 
            ( 0) 
            ( 0) 
            ( 0)) 
         (
            (0 
               (0.0 0.09 0.21 1.0) 0) 
            (0 
               (1.0 1.0 1.0 1.0) 0) 
            (0 
               (0.0 0.0 0.0 1.0) 0))) 
      ( 0 
         (
            ( 0) 
            ( 0) 
            ( 0) 
            ( 0)) 
         (
            (0 
               (0.0 0.0 0.0 1.0) 0) 
            (0 
               (0.0 0.0 0.0 1.0) 0) 
            (0 
               (0.0 0.0 0.0 1.0) 0))) 
      (char/musician/outfit/skin/skin_01/skin_01.char 0 
         (
            ( 0) 
            ( 0) 
            ( 0) 
            ( 0)) 
         (
            (0 
               (1.0 1.0 1.0 1.0) 9) 
            (0 
               (0.0 0.0 0.0 1.0) 0) 
            (0 
               (0.0 0.0 0.0 1.0) 0))) 
      (char/musician/outfit/top/male/modern_leatherjacket/modern_leatherjacket.char 1 
         (
            ( 0) 
            ( 0) 
            ( 0) 
            ( 0)) 
         (
            (0 
               (0.03 0.05 0.04 1.0) 24) 
            (0 
               (0.0 0.0 0.0 1.0) 20) 
            (0 
               (0.0 0.0 0.0 1.0) 22))) 
      (char/musician/outfit/bottom/male/male_rolledjeans/male_rolledjeans.char 1 
         (
            ( 0) 
            ( 0) 
            ( 0) 
            ( 0)) 
         (
            (0 
               (0.05 0.1 0.11 1.0) 20) 
            (0 
               (0.0 0.0 0.0 1.0) 29) 
            (0 
               (0.0 0.0 0.0 1.0) 29))) 
      (char/musician/outfit/head/male/head_05/head_05.char 0 
         (
            ( 0) 
            ( 0) 
            ( 0) 
            ( 0)) 
         (
            (0 
               (0.0 0.0 0.0 1.0) 7) 
            (0 
               (0.0 0.0 0.0 1.0) 0) 
            (0 
               (0.0 0.0 0.0 1.0) 0))) 
      (char/musician/outfit/hair/male/hair_shortcurly/hair_shortcurly.char 0 
         (
            ( 0) 
            ( 0) 
            ( 0) 
            ( 0)) 
         (
            (0 
               (0.0 0.0 0.0 1.0) 2) 
            (0 
               (0.0 0.0 0.0 1.0) 0) 
            (0 
               (0.0 0.0 0.0 1.0) 0))) 
      (char/musician/outfit/eyebrow/male/malebrow_06/malebrow_06.char 0 
         (
            ( 0) 
            ( 0) 
            ( 0) 
            ( 0)) 
         (
            (0 
               (0.0 0.0 0.0 1.0) 21) 
            (0 
               (0.0 0.0 0.0 1.0) 0) 
            (0 
               (0.0 0.0 0.0 1.0) 0))) 
      ( 0 
         (
            ( 0) 
            ( 0) 
            ( 0) 
            ( 0)) 
         (
            (0 
               (0.0 0.0 0.0 1.0) 0) 
            (0 
               (0.0 0.0 0.0 1.0) 0) 
            (0 
               (0.0 0.0 0.0 1.0) 0))) 
      ( 0 
         (
            ( 0) 
            ( 0) 
            ( 0) 
            ( 0)) 
         (
            (0 
               (0.0 0.0 0.0 1.0) 0) 
            (0 
               (0.0 0.0 0.0 1.0) 0) 
            (0 
               (0.0 0.0 0.0 1.0) 0))) 
      ( 0 
         (
            ( 0) 
            ( 0) 
            ( 0) 
            ( 0)) 
         (
            (0 
               (0.0 0.0 0.0 1.0) 0) 
            (0 
               (0.0 0.0 0.0 1.0) 0) 
            (0 
               (0.0 0.0 0.0 1.0) 0))) 
      ( 0 
         (
            ( 0) 
            ( 0) 
            ( 0) 
            ( 0)) 
         (
            (0 
               (0.0 0.0 0.0 1.0) 0) 
            (0 
               (0.0 0.0 0.0 1.0) 0) 
            (0 
               (0.0 0.0 0.0 1.0) 0))) 
      ( 0 
         (
            ( 0) 
            ( 0) 
            ( 0) 
            ( 0)) 
         (
            (0 
               (0.0 0.0 0.0 1.0) 0) 
            (0 
               (0.0 0.0 0.0 1.0) 0) 
            (0 
               (0.0 0.0 0.0 1.0) 0))) 
      ( 0 
         (
            ( 0) 
            ( 0) 
            ( 0) 
            ( 0)) 
         (
            (0 
               (0.0 0.0 0.0 1.0) 0) 
            (0 
               (0.0 0.0 0.0 1.0) 0) 
            (0 
               (0.0 0.0 0.0 1.0) 0))) 
      ( 0 
         (
            ( 0) 
            ( 0) 
            ( 0) 
            ( 0)) 
         (
            (0 
               (0.0 0.0 0.0 1.0) 0) 
            (0 
               (0.0 0.0 0.0 1.0) 0) 
            (0 
               (0.0 0.0 0.0 1.0) 0))) 
      (char/musician/outfit/makeup/full_face/male_head_04/no_makeup.char 0 
         (
            ( 0) 
            ( 0) 
            ( 0) 
            ( 0)) 
         (
            (1 
               (0.0 0.4 1.0 1.0) 0) 
            (1 
               (0.09 0.0 0.0 1.0) 0) 
            (1 
               (0.01 0.01 0.01 1.0) 0))) 
      ( 0 
         (
            ( 0) 
            ( 0) 
            ( 0) 
            ( 0)) 
         (
            (0 
               (0.0 0.0 0.0 1.0) 0) 
            (0 
               (0.0 0.0 0.0 1.0) 0) 
            (0 
               (0.0 0.0 0.0 1.0) 0))) 
      ( 0 
         (
            ( 0) 
            ( 0) 
            ( 0) 
            ( 0)) 
         (
            (0 
               (0.0 0.0 0.0 1.0) 0) 
            (0 
               (0.0 0.0 0.0 1.0) 0) 
            (0 
               (0.0 0.0 0.0 1.0) 0))) 
      ( 0 
         (
            ( 0) 
            ( 0) 
            ( 0) 
            ( 0)) 
         (
            (0 
               (0.0 0.0 0.0 1.0) 0) 
            (0 
               (0.0 0.0 0.0 1.0) 0) 
            (0 
               (0.0 0.0 0.0 1.0) 0))) 
      ( 0 
         (
            ( 0) 
            ( 0) 
            ( 0) 
            ( 0)) 
         (
            (0 
               (0.0 0.0 0.0 1.0) 0) 
            (0 
               (0.0 0.0 0.0 1.0) 0) 
            (0 
               (0.0 0.0 0.0 1.0) 0))) 
      ( 0 
         (
            ( 0) 
            ( 0) 
            ( 0) 
            ( 0)) 
         (
            (0 
               (0.0 0.0 0.0 1.0) 0) 
            (0 
               (0.0 0.0 0.0 1.0) 0) 
            (0 
               (0.0 0.0 0.0 1.0) 0))) 
      ( 0 
         (
            ( 0) 
            ( 0) 
            ( 0) 
            ( 0)) 
         (
            (0 
               (0.0 0.0 0.0 1.0) 0) 
            (0 
               (0.0 0.0 0.0 1.0) 0) 
            (0 
               (0.0 0.0 0.0 1.0) 0))) 
      ( 0 
         (
            ( 0) 
            ( 0) 
            ( 0) 
            ( 0)) 
         (
            (0 
               (0.0 0.0 0.0 1.0) 0) 
            (0 
               (0.0 0.0 0.0 1.0) 0) 
            (0 
               (0.0 0.0 0.0 1.0) 0))) 
      ( 1 
         (
            ( 0) 
            ( 0) 
            ( 0) 
            ( 0)) 
         (
            (0 
               (0.0 0.0 0.0 1.0) 0) 
            (0 
               (0.0 0.0 0.0 1.0) 0) 
            (0 
               (0.0 0.0 0.0 1.0) 0)))))
