8
'Miss Lindsey'
1
(1 
   (
      (char/instrument/guitar/telecaster_01/telecaster_01_wood_worn.char 0 
         (
            (base 0) 
            (detail 0) 
            ( 0) 
            ( 0)) 
         (
            (0 
               (0.0 0.0 0.0 1.0) 0) 
            (0 
               (1.0 1.0 1.0 1.0) 1) 
            (0 
               (0.0 0.0 0.0 1.0) 34))) 
      (char/instrument/bass/jazz_01/jazz_01_paint_worn.char 0 
         (
            (base 0) 
            (detail 0) 
            ( 0) 
            ( 0)) 
         (
            (0 
               (0.0 0.0 0.0 1.0) 1) 
            (0 
               (0.0 0.0 0.0 1.0) 0) 
            (0 
               (0.0 0.0 0.0 1.0) 0))) 
      (char/instrument/drum/generic_01/generic_01_maple.char 0 
         (
            (primary 0) 
            ( 0) 
            ( 0) 
            ( 0)) 
         (
            (0 
               (0.0 0.09 0.21 1.0) 0) 
            (0 
               (1.0 1.0 1.0 1.0) 0) 
            (0 
               (0.0 0.0 0.0 1.0) 0))) 
      ( 0 
         (
            ( 0) 
            ( 0) 
            ( 0) 
            ( 0)) 
         (
            (0 
               (0.0 0.0 0.0 1.0) 0) 
            (0 
               (0.0 0.0 0.0 1.0) 0) 
            (0 
               (0.0 0.0 0.0 1.0) 0))) 
      (char/musician/outfit/skin/skin_01/skin_01.char 0 
         (
            ( 0) 
            ( 0) 
            ( 0) 
            ( 0)) 
         (
            (0 
               (1.0 1.0 1.0 1.0) 3) 
            (0 
               (0.0 0.0 0.0 1.0) 0) 
            (0 
               (0.0 0.0 0.0 1.0) 0))) 
      (char/musician/outfit/top/female/tidy_sweater/tidy_sweater.char 0 
         (
            ( 0) 
            ( 0) 
            ( 0) 
            ( 0)) 
         (
            (0 
               (0.27 0.06 0.17 1.0) 57) 
            (0 
               (0.0 0.0 0.0 1.0) 120) 
            (0 
               (0.0 0.0 0.0 1.0) 57))) 
      (char/musician/outfit/bottom/female/female_modskirt/female_modskirt.char 0 
         (
            ( 0) 
            ( 0) 
            ( 0) 
            ( 0)) 
         (
            (0 
               (0.06 0.04 0.09 1.0) 103) 
            (0 
               (0.02 0.01 0.0 1.0) 0) 
            (0 
               (1.0 1.0 1.0 1.0) 67))) 
      (char/musician/outfit/head/female/head_08/head_08.char 0 
         (
            ( 0) 
            ( 0) 
            ( 0) 
            ( 0)) 
         (
            (0 
               (0.14 0.1 0.05 1.0) 21) 
            (0 
               (0.0 0.0 0.0 1.0) 0) 
            (0 
               (0.0 0.0 0.0 1.0) 0))) 
      (char/musician/outfit/hair/female/hair_sweptaside/hair_sweptaside.char 0 
         (
            ( 0) 
            ( 0) 
            ( 0) 
            ( 0)) 
         (
            (0 
               (0.0 0.0 0.0 1.0) 9) 
            (0 
               (0.0 0.0 0.0 1.0) 0) 
            (0 
               (0.0 0.0 0.0 1.0) 0))) 
      (char/musician/outfit/eyebrow/female/fembrow_01/fembrow_01.char 0 
         (
            ( 0) 
            ( 0) 
            ( 0) 
            ( 0)) 
         (
            (0 
               (0.0 0.0 0.0 1.0) 9) 
            (0 
               (0.0 0.0 0.0 1.0) 0) 
            (0 
               (0.0 0.0 0.0 1.0) 0))) 
      ( 0 
         (
            ( 0) 
            ( 0) 
            ( 0) 
            ( 0)) 
         (
            (0 
               (0.0 0.0 0.0 1.0) 0) 
            (0 
               (0.0 0.0 0.0 1.0) 0) 
            (0 
               (0.0 0.0 0.0 1.0) 0))) 
      ( 0 
         (
            ( 0) 
            ( 0) 
            ( 0) 
            ( 0)) 
         (
            (0 
               (0.0 0.0 0.0 1.0) 0) 
            (0 
               (0.0 0.0 0.0 1.0) 0) 
            (0 
               (0.0 0.0 0.0 1.0) 0))) 
      ( 0 
         (
            ( 0) 
            ( 0) 
            ( 0) 
            ( 0)) 
         (
            (0 
               (0.0 0.0 0.0 1.0) 0) 
            (0 
               (0.0 0.0 0.0 1.0) 0) 
            (0 
               (0.0 0.0 0.0 1.0) 0))) 
      ( 0 
         (
            (primary 0) 
            ( 0) 
            ( 0) 
            ( 0)) 
         (
            (0 
               (0.0 0.0 0.0 1.0) 0) 
            (0 
               (0.0 0.0 0.0 1.0) 0) 
            (0 
               (0.0 0.0 0.0 1.0) 0))) 
      ( 0 
         (
            ( 0) 
            ( 0) 
            ( 0) 
            ( 0)) 
         (
            (0 
               (0.0 0.0 0.0 1.0) 0) 
            (0 
               (0.0 0.0 0.0 1.0) 0) 
            (0 
               (0.0 0.0 0.0 1.0) 0))) 
      ( 0 
         (
            ( 0) 
            ( 0) 
            ( 0) 
            ( 0)) 
         (
            (0 
               (0.0 0.0 0.0 1.0) 0) 
            (0 
               (0.0 0.0 0.0 1.0) 0) 
            (0 
               (0.0 0.0 0.0 1.0) 0))) 
      ( 0 
         (
            ( 0) 
            ( 0) 
            ( 0) 
            ( 0)) 
         (
            (0 
               (0.0 0.0 0.0 1.0) 0) 
            (0 
               (0.0 0.0 0.0 1.0) 0) 
            (0 
               (0.0 0.0 0.0 1.0) 0))) 
      (char/musician/outfit/makeup/full_face/fem_head_06/no_makeup.char 0 
         (
            ( 0) 
            ( 0) 
            ( 0) 
            ( 0)) 
         (
            (0 
               (0.0 0.4 1.0 1.0) 10) 
            (1 
               (0.09 0.0 0.0 1.0) 0) 
            (1 
               (0.01 0.01 0.01 1.0) 0))) 
      ( 0 
         (
            ( 0) 
            ( 0) 
            ( 0) 
            ( 0)) 
         (
            (0 
               (0.0 0.0 0.0 1.0) 0) 
            (0 
               (0.0 0.0 0.0 1.0) 0) 
            (0 
               (0.0 0.0 0.0 1.0) 0))) 
      ( 0 
         (
            ( 0) 
            ( 0) 
            ( 0) 
            ( 0)) 
         (
            (0 
               (0.0 0.0 0.0 1.0) 0) 
            (0 
               (0.0 0.0 0.0 1.0) 0) 
            (0 
               (0.0 0.0 0.0 1.0) 0))) 
      ( 0 
         (
            ( 0) 
            ( 0) 
            ( 0) 
            ( 0)) 
         (
            (0 
               (0.0 0.0 0.0 1.0) 0) 
            (0 
               (0.0 0.0 0.0 1.0) 0) 
            (0 
               (0.0 0.0 0.0 1.0) 0))) 
      ( 0 
         (
            ( 0) 
            ( 0) 
            ( 0) 
            ( 0)) 
         (
            (0 
               (0.0 0.0 0.0 1.0) 0) 
            (0 
               (0.0 0.0 0.0 1.0) 0) 
            (0 
               (0.0 0.0 0.0 1.0) 0))) 
      ( 0 
         (
            ( 0) 
            ( 0) 
            ( 0) 
            ( 0)) 
         (
            (0 
               (0.0 0.0 0.0 1.0) 0) 
            (0 
               (0.0 0.0 0.0 1.0) 0) 
            (0 
               (0.0 0.0 0.0 1.0) 0))) 
      ( 0 
         (
            ( 0) 
            ( 0) 
            ( 0) 
            ( 0)) 
         (
            (0 
               (0.0 0.0 0.0 1.0) 0) 
            (0 
               (0.0 0.0 0.0 1.0) 0) 
            (0 
               (0.0 0.0 0.0 1.0) 0))) 
      ( 0 
         (
            ( 0) 
            ( 0) 
            ( 0) 
            ( 0)) 
         (
            (0 
               (0.0 0.0 0.0 1.0) 0) 
            (0 
               (0.0 0.0 0.0 1.0) 0) 
            (0 
               (0.0 0.0 0.0 1.0) 0))) 
      ( 1 
         (
            ( 0) 
            ( 0) 
            ( 0) 
            ( 0)) 
         (
            (0 
               (0.0 0.0 0.0 1.0) 0) 
            (0 
               (0.0 0.0 0.0 1.0) 0) 
            (0 
               (0.0 0.0 0.0 1.0) 0)))))
