8
Rainbow
1
(1 
   (
      (char/instrument/guitar/telecaster_01/telecaster_01_wood_worn.char 0 
         (
            ( 0) 
            ( 0) 
            ( 0) 
            ( 0)) 
         (
            (0 
               (0.0 0.0 0.0 1.0) 3) 
            (0 
               (1.0 1.0 1.0 1.0) 2) 
            (0 
               (0.0 0.0 0.0 1.0) 34))) 
      (char/instrument/bass/jazz_01/jazz_01_paint_worn.char 0 
         (
            (base 0) 
            (detail 0) 
            ( 0) 
            ( 0)) 
         (
            (0 
               (0.0 0.0 0.0 1.0) 1) 
            (0 
               (0.0 0.0 0.0 1.0) 0) 
            (0 
               (0.0 0.0 0.0 1.0) 0))) 
      (char/instrument/drum/generic_01/generic_01_maple.char 0 
         (
            (primary 0) 
            ( 0) 
            ( 0) 
            ( 0)) 
         (
            (0 
               (0.0 0.09 0.21 1.0) 0) 
            (0 
               (1.0 1.0 1.0 1.0) 0) 
            (0 
               (0.0 0.0 0.0 1.0) 0))) 
      ( 0 
         (
            ( 0) 
            ( 0) 
            ( 0) 
            ( 0)) 
         (
            (0 
               (0.0 0.0 0.0 1.0) 0) 
            (0 
               (0.0 0.0 0.0 1.0) 0) 
            (0 
               (0.0 0.0 0.0 1.0) 0))) 
      (char/musician/outfit/skin/skin_01/skin_01.char 0 
         (
            ( 0) 
            ( 0) 
            ( 0) 
            ( 0)) 
         (
            (0 
               (1.0 1.0 1.0 1.0) 0) 
            (0 
               (0.0 0.0 0.0 1.0) 0) 
            (0 
               (0.0 0.0 0.0 1.0) 0))) 
      (char/musician/outfit/top/female/psych_meshvest/psych_meshvest.char 0 
         (
            ( 0) 
            ( 0) 
            ( 0) 
            ( 0)) 
         (
            (0 
               (0.27 0.06 0.17 1.0) 80) 
            (0 
               (0.0 0.0 0.0 1.0) 51) 
            (0 
               (0.0 0.0 0.0 1.0) 24))) 
      (char/musician/outfit/bottom/female/female_psychskirt/female_psychskirt.char 0 
         (
            ( 0) 
            ( 0) 
            ( 0) 
            ( 0)) 
         (
            (0 
               (0.06 0.04 0.09 1.0) 83) 
            (0 
               (0.02 0.01 0.0 1.0) 20) 
            (0 
               (1.0 1.0 1.0 1.0) 20))) 
      (char/musician/outfit/head/female/head_07/head_07.char 0 
         (
            ( 0) 
            ( 0) 
            ( 0) 
            ( 0)) 
         (
            (0 
               (0.14 0.1 0.05 1.0) 7) 
            (0 
               (0.0 0.0 0.0 1.0) 0) 
            (0 
               (0.0 0.0 0.0 1.0) 0))) 
      (char/musician/outfit/hair/female/hair_hippiewrap/hair_hippiewrap.char 0 
         (
            ( 0) 
            ( 0) 
            ( 0) 
            ( 0)) 
         (
            (0 
               (0.0 0.0 0.0 1.0) 2) 
            (0 
               (0.0 0.0 0.0 1.0) 76) 
            (0 
               (0.0 0.0 0.0 1.0) 0))) 
      (char/musician/outfit/eyebrow/female/fembrow_03/fembrow_03.char 0 
         (
            ( 0) 
            ( 0) 
            ( 0) 
            ( 0)) 
         (
            (0 
               (0.0 0.0 0.0 1.0) 29) 
            (0 
               (0.0 0.0 0.0 1.0) 0) 
            (0 
               (0.0 0.0 0.0 1.0) 0))) 
      ( 0 
         (
            ( 0) 
            ( 0) 
            ( 0) 
            ( 0)) 
         (
            (0 
               (0.0 0.0 0.0 1.0) 0) 
            (0 
               (0.0 0.0 0.0 1.0) 0) 
            (0 
               (0.0 0.0 0.0 1.0) 0))) 
      ( 0 
         (
            ( 0) 
            ( 0) 
            ( 0) 
            ( 0)) 
         (
            (0 
               (0.0 0.0 0.0 1.0) 0) 
            (0 
               (0.0 0.0 0.0 1.0) 0) 
            (0 
               (0.0 0.0 0.0 1.0) 0))) 
      ( 0 
         (
            ( 0) 
            ( 0) 
            ( 0) 
            ( 0)) 
         (
            (0 
               (0.0 0.0 0.0 1.0) 0) 
            (0 
               (0.0 0.0 0.0 1.0) 0) 
            (0 
               (0.0 0.0 0.0 1.0) 0))) 
      ( 0 
         (
            (primary 0) 
            ( 0) 
            ( 0) 
            ( 0)) 
         (
            (0 
               (0.0 0.0 0.0 1.0) 0) 
            (0 
               (0.0 0.0 0.0 1.0) 0) 
            (0 
               (0.0 0.0 0.0 1.0) 0))) 
      ( 0 
         (
            ( 0) 
            ( 0) 
            ( 0) 
            ( 0)) 
         (
            (0 
               (0.0 0.0 0.0 1.0) 0) 
            (0 
               (0.0 0.0 0.0 1.0) 0) 
            (0 
               (0.0 0.0 0.0 1.0) 0))) 
      ( 0 
         (
            ( 0) 
            ( 0) 
            ( 0) 
            ( 0)) 
         (
            (0 
               (0.0 0.0 0.0 1.0) 0) 
            (0 
               (0.0 0.0 0.0 1.0) 0) 
            (0 
               (0.0 0.0 0.0 1.0) 0))) 
      ( 0 
         (
            ( 0) 
            ( 0) 
            ( 0) 
            ( 0)) 
         (
            (0 
               (0.0 0.0 0.0 1.0) 0) 
            (0 
               (0.0 0.0 0.0 1.0) 0) 
            (0 
               (0.0 0.0 0.0 1.0) 0))) 
      (char/musician/outfit/makeup/full_face/fem_head_06/cateye.char 0 
         (
            ( 0) 
            ( 0) 
            ( 0) 
            ( 0)) 
         (
            (0 
               (0.0 0.4 1.0 1.0) 10) 
            (1 
               (0.09 0.0 0.0 1.0) 0) 
            (1 
               (0.01 0.01 0.01 1.0) 0))) 
      ( 0 
         (
            ( 0) 
            ( 0) 
            ( 0) 
            ( 0)) 
         (
            (0 
               (0.0 0.0 0.0 1.0) 0) 
            (0 
               (0.0 0.0 0.0 1.0) 0) 
            (0 
               (0.0 0.0 0.0 1.0) 0))) 
      ( 0 
         (
            ( 0) 
            ( 0) 
            ( 0) 
            ( 0)) 
         (
            (0 
               (0.0 0.0 0.0 1.0) 0) 
            (0 
               (0.0 0.0 0.0 1.0) 0) 
            (0 
               (0.0 0.0 0.0 1.0) 0))) 
      ( 0 
         (
            ( 0) 
            ( 0) 
            ( 0) 
            ( 0)) 
         (
            (0 
               (0.0 0.0 0.0 1.0) 0) 
            (0 
               (0.0 0.0 0.0 1.0) 0) 
            (0 
               (0.0 0.0 0.0 1.0) 0))) 
      ( 0 
         (
            ( 0) 
            ( 0) 
            ( 0) 
            ( 0)) 
         (
            (0 
               (0.0 0.0 0.0 1.0) 0) 
            (0 
               (0.0 0.0 0.0 1.0) 0) 
            (0 
               (0.0 0.0 0.0 1.0) 0))) 
      ( 0 
         (
            ( 0) 
            ( 0) 
            ( 0) 
            ( 0)) 
         (
            (0 
               (0.0 0.0 0.0 1.0) 0) 
            (0 
               (0.0 0.0 0.0 1.0) 0) 
            (0 
               (0.0 0.0 0.0 1.0) 0))) 
      ( 0 
         (
            ( 0) 
            ( 0) 
            ( 0) 
            ( 0)) 
         (
            (0 
               (0.0 0.0 0.0 1.0) 0) 
            (0 
               (0.0 0.0 0.0 1.0) 0) 
            (0 
               (0.0 0.0 0.0 1.0) 0))) 
      ( 0 
         (
            ( 0) 
            ( 0) 
            ( 0) 
            ( 0)) 
         (
            (0 
               (0.0 0.0 0.0 1.0) 0) 
            (0 
               (0.0 0.0 0.0 1.0) 0) 
            (0 
               (0.0 0.0 0.0 1.0) 0))) 
      ( 1 
         (
            ( 0) 
            ( 0) 
            ( 0) 
            ( 0)) 
         (
            (0 
               (0.0 0.0 0.0 1.0) 0) 
            (0 
               (0.0 0.0 0.0 1.0) 0) 
            (0 
               (0.0 0.0 0.0 1.0) 0)))))
